F-1 score = 0.9078726968174204
eval_accuracy = 0.8651960784313726
eval_loss = 0.4550105577298239
global_step = 0
inference_time = 5.586840629577637
loss = None
